-4.8603 10.9245
5.0745 5.4481
5.047 4.0659
2.1758 7.4928
6.4666 4.4137
6.1998 4.7112
-6.1458 9.6191
-4.6351 9.7859
-4.5579 9.5837
5.4922 4.3845
-4.2527 8.7011
2.0901 8.5866
1.6607 8.2604
0.6458 6.9696
2.5406 8.346 
5.7034 3.2075
1.7344 6.8932
5.9609 4.8968
5.8993 6.6134
6.1738 4.5479
7.1858 6.5652
-5.8489 10.9529
3.8068 4.7194
4.6977 4.0433
2.3919 7.645 
-6.3086 7.6988
-6.7874 9.8288
5.9662 2.9865
2.4703 8.0752
1.1732 7.1168
4.389 4.1388
7.5277 4.6886
4.4177 7.8104
1.857 5.7028
1.5965 8.1317
1.7858 7.1403
-5.2695 11.3462
-5.2813 11.0639
1.3247 8.7096
2.1464 7.0949
5.4632 5.7924
-5.8849 9.3382
-6.0292 11.8431
4.064 4.3421
-4.247 10.1512
-5.9062 8.2375
-7.0775 9.5899
3.3326 7.11  
6.9571 4.8164
5.8133 4.4304
-5.3551 9.3938
-6.9225 11.1483
1.5111 5.4967
4.7855 3.2082
5.6999 3.8996
5.131 4.1753
-4.2209 10.5113
-5.6857 9.7674
-5.9368 10.5332
1.4878 7.7877
6.0774 4.7626
3.1698 4.6664
5.6471 3.0102
2.2373 7.3723
7.1732 5.6126
-6.1601 11.1393
3.1086 8.1794
-5.3706 8.6098
-5.7807 10.0276
6.2859 5.6218
1.5967 8.5039
-4.9603 10.0707
-4.3271 9.0757
-7.4435 11.0258
-6.1117 9.0112
3.2808 4.7644
4.009 5.9269
-5.8794 10.0245
1.4171 9.111 
6.2881 5.264 
-4.3309 10.1645
-5.7071 9.412 
6.7835 5.8936
5.9573 5.3562
1.7546 8.2096
1.6052 5.9226
5.8165 4.8345
4.7874 6.0316
1.7909 6.3928
0.8643 8.1267
-5.11 9.6911
6.1138 4.8328
1.9718 9.8036
-3.3939 11.3106
1.8771 7.8031
4.1815 8.2209
6.2086 5.6939
-4.9796 9.6338
-4.8628 9.5014
3.7721 7.9852