5.2578  -8.1085
7.6306  -4.2655
-8.0071  -2.5261
-0.0951  -9.7807
4.665   -7.3072
4.6551  -9.0152
-7.5431  -4.2653
-0.8573  -9.6212
5.6111  -6.6903
-6.7232  -2.4466
-6.7526  -2.6332
-2.2948 -10.202 
-7.0225  -4.3858
6.3003  -7.6321
-5.9918  -4.2724
-6.9761  -2.5758
5.1806  -8.9373
0.8483  -9.9289
0.0356  -9.1847
-8.6229  -3.2314
-1.3973  -7.2933
5.847   -7.8227
6.1464  -7.9047
-0.754   -7.498 
0.6125 -10.5872
-7.0582  -3.0617
-0.5553 -10.7017
-9.2812  -4.4031
6.3697  -8.089 
7.4904  -9.0828
5.8301  -7.9274
-8.1964  -2.5529
-7.8989  -3.2848
-7.3952  -3.4445
-1.0775  -9.5287
-1.8252 -11.1142
0.5432 -10.1573
-1.1823  -9.8402
4.3869  -7.9792
7.802   -6.4958
7.0754  -8.2205
-9.0228  -3.2826
-0.8571  -9.5231
5.8645  -8.9258
5.1875  -8.818 
-0.9095  -8.1489
6.7131  -8.1342
9.9335  -9.2876
6.1628  -7.5715
6.3154  -9.4732
-7.8745  -1.283 
-6.8747  -2.8336
-6.6765  -2.7344
-2.0029  -7.9409
7.6471  -7.4505
7.362   -8.1172
-6.8971  -2.5516
-0.4437  -9.1999
9.291   -8.984 
5.9108  -8.6772
-7.6772  -3.5776
-0.9596  -9.0094
6.4291 -10.2039
-6.581   -3.4697
-7.8383  -2.1709
-7.1231  -1.9214
-7.852   -3.4509
-0.6279  -9.8123
5.3867  -6.6498
7.6604  -6.3117
-7.9098  -3.352 
-8.6515  -4.7319
-8.0269  -3.2277
-1.4736  -9.1957
-0.6987  -9.9559
-6.9952  -4.8661
6.8764  -8.6677
-0.7408  -8.7965
6.8875  -7.5718
-1.7692  -8.778 
-6.8932  -3.3815
-7.566   -3.3839
-8.4162  -4.3957
-6.6194  -2.8636
-2.4221  -8.6481
-0.271  -10.4025
-5.7774  -3.1933
5.504   -8.8371
-1.3666  -7.1649
7.599   -6.9671
-7.7877  -1.6708
-6.6047  -5.1773
-0.4349 -11.5707
-0.8622  -8.3816
-0.6849 -10.5897
-2.1413 -10.2726
-0.4709  -8.9464
-1.976  -10.2993
5.1151  -6.7747
-2.1118  -8.9943